 Polygon ((675106.39412445039488375 6578754.90057865623384714, 675081.55700000002980232 6578747.41899999976158142, 675077.82999999995809048 6578760.00600000005215406, 675096.43700000003445894 6578765.73900000005960464, 675093.10699046717491001 6578776.33629490993916988, 675093.09931319463066757 6578776.33399999979883432, 675093.04540700954385102 6578776.33399999979883432, 675093.09199999994598329 6578776.38399999961256981, 675111.51599999994505197 6578782.06199999991804361, 675114.89899999997578561 6578781.40699999965727329, 675116.06400000001303852 6578777.2900000000372529, 675111.07200000004377216 6578775.59599999990314245, 675117.60400000005029142 6578754.51099999994039536, 675142.39429409930016845 6578762.29102828353643417, 675142.39199999999254942 6578762.29837547894567251, 675142.39199999999254942 6578762.35599999967962503, 675142.47876442922279239 6578762.35599999967962503, 675145.93017566367052495 6578751.30656318366527557, 675146.02412646589800715 6578751.00578666571527719, 675165.49272594065405428 6578756.95503028202801943, 675165.55900000315159559 6578756.92299999855458736, 675165.60900000005494803 6578756.89795043971389532, 675165.60900000005494803 6578756.88599680457264185, 675165.57359601953066885 6578756.87517786584794521, 675167.13573926384560764 6578751.75700000021606684, 675167.18803584354463965 6578751.75700000021606684, 675167.19880149222444743 6578751.72166378516703844, 675172.62100000004284084 6578753.38499999977648258, 675175.54799999995157123 6578743.93800000008195639, 675170.05403838434722275 6578742.34988623112440109, 675170.00600000005215406 6578742.33600000012665987, 675169.95627958152908832 6578742.32719368766993284, 675168.36923664843197912 6578747.19219439662992954, 675149.08275827171746641 6578741.21380402892827988, 675149.08500000007916242 6578741.20662730187177658, 675149.08500000007916242 6578741.14900000020861626, 675148.99824045423883945 6578741.14900000020861626, 675145.95709583209827542 6578750.88066279143095016, 675110.93946901243180037 6578740.18000000063329935, 675110.92464749945793301 6578740.18000000063329935, 675112.56700000003911555 6578734.88499999977648258, 675091.79200000001583248 6578728.48300000000745058, 675088.63000000000465661 6578738.74100000038743019, 675109.38076994207222015 6578745.13314303662627935, 675106.39412445039488375 6578754.90057865623384714),(675110.12673532916232944 6578742.8640698678791523, 675110.11726965254638344 6578742.8611985370516777, 675110.89670465781819075 6578740.27149680536240339, 675110.91738226625602692 6578740.277815499342978, 675110.12673532916232944 6578742.8640698678791523))

Polygon ((675093.74104216869454831 6578774.31851303763687611, 675093.10699046717491001 6578776.33629490993916988, 675093.09931319463066757 6578776.33399999979883432, 675093.04540700954385102 6578776.33399999979883432, 675093.09199999994598329 6578776.38399999961256981, 675111.51599999994505197 6578782.06199999991804361, 675114.89899999997578561 6578781.40699999965727329, 675115.53441995393950492 6578779.16148587875068188, 675093.74104216869454831 6578774.31851303763687611))

Polygon ((675286.96616710198577493 6578713.37623772956430912, 675286.91410734516102821 6578713.37623772956430912, 675286.65810648549813777 6578714.11653049848973751, 675274.92022205679677427 6578754.7549462802708149, 675285.36176100699231029 6578757.71850813087075949, 675294.20769325911533087 6578727.20474182534962893, 675298.04969753231853247 6578728.31774306390434504, 675299.82080025470349938 6578722.20611998066306114, 675288.18100000009872019 6578718.88642146810889244, 675288.18100000009872019 6578718.86827621702104807, 675288.18096954934298992 6578718.74528194591403008, 675289.62385271256789565 6578713.91459593269973993, 675297.30951534805353731 6578716.06799999997019768, 675297.51200000010430813 6578716.06799999997019768, 675297.51200000010430813 6578715.87574270181357861, 675297.49363727145828307 6578715.87022678647190332, 675308.04683792183641344 6578679.45699378754943609, 675297.62504890118725598 6578676.5174380000680685, 675297.52617646276485175 6578676.48955017235130072, 675286.96616710198577493 6578713.04997583106160164, 675286.96616710198577493 6578713.37623772956430912))

Polygon ((675355.58337903290521353 6578950.36910314485430717, 675355.57855689316056669 6578950.36758904345333576, 675350.33548246114514768 6578967.05274864844977856, 675372.1405879455851391 6578973.73349158652126789, 675372.13507436774671078 6578973.75191244296729565, 675400.86115142388734967 6578982.56493405811488628, 675400.90933247364591807 6578982.37220985908061266, 675400.97441947320476174 6578982.38531178701668978, 675400.91862525627948344 6578982.5673771258443594, 675401.31523284898139536 6578982.68355510756373405, 675401.26222073775716126 6578982.86559669673442841, 675403.84813925204798579 6578983.62038298975676298, 675403.95696729654446244 6578983.28990516625344753, 675414.40982591710053384 6578986.48388929478824139, 675414.35183490358758718 6578986.6738598570227623, 675426.42652199079748243 6578990.3724488765001297, 675428.64823011599946767 6578989.2062804726883769, 675429.99173418211285025 6578985.0137925622984767, 675430.0287977383704856 6578985.02681489195674658, 675430.85892285511363298 6578982.42333499528467655, 675430.81883228698279709 6578982.41732141003012657, 675436.0065159450750798 6578966.05062926840037107, 675435.84122558182571083 6578965.99853775929659605, 675435.85332528152503073 6578965.95944642182439566, 675435.98885440779849887 6578966.00378748774528503, 675436.04224669211544096 6578965.83958102855831385, 675436.21155732974875718 6578965.88967293221503496, 675445.42951205477584153 6578936.81365014612674713, 675410.04856807098258287 6578925.6450941963121295, 675389.38560850918292999 6578919.10110700502991676, 675369.65986830671317875 6578912.83146844990551472, 675366.86563254019711167 6578914.27767015807330608, 675363.20504025684203953 6578926.01660371478646994, 675359.84339094499591738 6578936.8007747046649456, 675359.64234221377409995 6578936.73875967413187027, 675358.7917250752216205 6578939.47849011793732643, 675358.98259322624653578 6578939.53844869788736105, 675355.58337903290521353 6578950.36910314485430717),(675368.85429259890224785 6578954.63136879075318575, 675376.44188314990606159 6578930.77563948091119528, 675377.02034949720837176 6578928.9562064791098237, 675385.46757648815400898 6578931.57395137939602137, 675406.13708663533907384 6578938.08824492618441582, 675405.73685540864244103 6578939.37706118170171976, 675427.23021479183807969 6578946.36685284879058599, 675422.33243307797238231 6578961.33888532780110836, 675407.60970134229864925 6578956.37697574030607939, 675407.20501008117571473 6578957.58028645813465118, 675408.61831384093966335 6578958.05638878606259823, 675405.30016519722994417 6578968.16120699979364872, 675404.70781079994048923 6578970.0377698102965951, 675393.36976947006769478 6578966.50462130457162857, 675393.54979276831727475 6578965.76952616963535547, 675387.56986761779990047 6578963.92120410315692425, 675387.29589912586379796 6578964.70311417803168297, 675376.20738898566924036 6578961.2491206880658865, 675376.7475632734131068 6578959.3665132625028491, 675376.46575292758643627 6578959.28312040492892265, 675375.90520014928188175 6578961.15592658612877131, 675367.60848846333101392 6578958.59633427299559116, 675368.85415843047667295 6578954.63132664747536182, 675368.85429259890224785 6578954.63136879075318575))

Polygon ((675957.54357741132844239 6579166.28348589781671762, 675970.27878662315197289 6579166.14495059289038181, 675977.47308820637408644 6579164.67688794806599617, 675977.549256956204772 6579168.4872784810140729, 675973.26474948704708368 6579168.83048056345432997, 675973.30124685016926378 6579174.89918101020157337, 675980.28144246782176197 6579175.52278707455843687, 675980.28145694779232144 6579175.52822818420827389, 675977.10110634635202587 6579175.82942920364439487, 675977.29629726440180093 6579177.96609128452837467, 675981.3927035448141396 6579177.57493605930358171, 675981.40836108312942088 6579175.42150263302028179, 675981.38550786627456546 6579175.42366699036210775, 675981.50630275101866573 6579168.26072514895349741, 675981.5079885721206665 6579168.26059221755713224, 675981.51001297065522522 6579160.89380593318492174, 675970.20498298422899097 6579161.43204505834728479, 675957.48844546417240053 6579161.96787959150969982, 675957.54357741132844239 6579166.28348589781671762))

Polygon ((675532.59532547648996115 6581201.99684221856296062, 675532.54299999994691461 6581202.32400000002235174, 675555.412999999942258 6581273.10900000017136335, 675555.44200000003911555 6581273.11000000033527613, 675579.98899999994318932 6581349.00299999956041574, 675617.31400000001303852 6581336.196000000461936, 675640.69599999999627471 6581328.20899999979883432, 675603.39000000001396984 6581217.21100000012665987, 675580.3469999999506399 6581148.35699999984353781, 675521.34499999997206032 6581167.69500000029802322, 675532.45499999995809048 6581202.04600000008940697, 675532.59532547648996115 6581201.99684221856296062),(675579.23600000003352761 6581297.25499999988824129, 675575.28500000003259629 6581285.08299999963492155, 675579.09199999994598329 6581283.84900000039488077, 675580.57499999995343387 6581288.42200000025331974, 675589.0649302025558427 6581285.63535113912075758, 675590.39300000004004687 6581289.42999999970197678, 675596.56200000003445894 6581287.16899999976158142, 675592.89800000004470348 6581276.89199999999254942, 675600.28200000000651926 6581274.01099999994039536, 675597.75600000005215406 6581267.7630000002682209, 675584.59900000004563481 6581272.875, 675572.65800000005401671 6581276.98599999956786633, 675564.875 6581253.00999999977648258, 675565.97600000002421439 6581252.28699999954551458, 675576.28000000002793968 6581248.72400000039488077, 675574.16599999996833503 6581242.27599999960511923, 675569.212000000057742 6581227.68200000002980232, 675590.33516836958006024 6581221.21056527644395828, 675592.7219999999506399 6581229.22400000039488077, 675588.88899999996647239 6581230.36799999978393316, 675587.4220000000204891 6581228.17300000041723251, 675577.05099999997764826 6581231.62000000011175871, 675580.35699999995995313 6581241.65500000026077032, 675590.72100000001955777 6581238.13599999994039536, 675590.337000000057742 6581235.22599999979138374, 675594.17000000004190952 6581234.08299999963492155, 675605.21400000003632158 6581264.86400000005960464, 675610.85571880603674799 6581281.92414968926459551, 675612.50800000003073364 6581287.20700000040233135, 675611.643999999971129 6581288.96800000034272671, 675612.04599999997299165 6581290.178999999538064, 675613.42099999997299165 6581291.04499999992549419, 675614.33799999998882413 6581293.80200000014156103, 675613.38800000003539026 6581295.95199999958276749, 675610.98699999996460974 6581294.90600000042468309, 675608.21600000001490116 6581296.01900000032037497, 675607.90099999995436519 6581295.19000000040978193, 675601.16200000001117587 6581297.95700000040233135, 675600.64099999994505197 6581299.23300000000745058, 675598.99399999994784594 6581299.83200000040233135, 675598.50600000005215406 6581298.375, 675599.66799999994691461 6581295.87799999956041574, 675596.54099999996833503 6581287.1780000003054738, 675590.45100000000093132 6581289.41000000014901161, 675596.38899999996647239 6581306.8169999998062849, 675605.33336484793107957 6581303.23760861624032259, 675596.43700000003445894 6581306.9599999999627471, 675591.56200000003445894 6581292.76200000010430813, 675587.34199999994598329 6581294.29999999981373549, 675590.61800000001676381 6581303.64699999988079071, 675582.28500000003259629 6581306.64599999971687794, 675580.51699999999254942 6581301.19799999985843897, 675576.71100000001024455 6581302.4330000001937151, 675575.47600000002421439 6581298.62600000016391277, 675579.23600000003352761 6581297.25499999988824129),(675588.518999999971129 6581215.12000000011175871, 675564.60900000005494803 6581223.1969999996945262, 675563.45700000005308539 6581224.30200000014156103, 675563.22800000000279397 6581225.57699999958276749, 675563.86100000003352761 6581227.31599999964237213, 675563.09999999997671694 6581228.60400000028312206, 675563.74399999994784594 6581230.31199999991804361, 675565.09199999994598329 6581230.87299999967217445, 675567.26199999998789281 6581237.03799999970942736, 675566.40500000002793968 6581238.65799999982118607, 675559.65000000002328306 6581240.90500000026077032, 675558.50300000002607703 6581243.74299999978393316, 675556.75199999997857958 6581243.3169999998062849, 675557.25500000000465661 6581240.11299999989569187, 675556.33200000005308539 6581237.35400000028312206, 675557.54200000001583248 6581236.94099999964237213, 675557.10800000000745058 6581235.75100000016391277, 675555.88100000005215406 6581236.12299999967217445, 675554.28500000003259629 6581230.66199999954551458, 675555.26000000000931323 6581229.62399999983608723, 675555.34999999997671694 6581228.1969999996945262, 675554.47100000001955777 6581227.01699999999254942, 675553.03500000003259629 6581226.69900000002235174, 675550.37300000002142042 6581218.87299999967217445, 675551.537999999942258 6581217.01099999994039536, 675550.97400000004563481 6581215.41299999970942736, 675549.0590000000083819 6581214.67100000008940697, 675545.79099999996833503 6581204.88499999977648258, 675543.54399999999441206 6581202.84999999962747097, 675544.68700000003445894 6581201.21300000045448542, 675547.39199999999254942 6581203.02500000037252903, 675553.46499999996740371 6581200.99100000038743019, 675555.21999999997206032 6581201.55900000035762787, 675557.04500000004190952 6581206.64499999955296516, 675556.43999999994412065 6581208.48400000017136335, 675558.17700000002514571 6581210.14900000020861626, 675558.80599999998230487 6581212.02400000020861626, 675560.46299999998882413 6581212.64300000015646219, 675563.76000000000931323 6581211.46600000001490116, 675585.31400000001303852 6581204.36400000005960464, 675588.518999999971129 6581215.12000000011175871),(675596.28399999998509884 6581324.70399999991059303, 675588.97499999997671694 6581327.25299999956041574, 675591.02899999998044223 6581333.5849999999627471, 675585.72699999995529652 6581335.30599999986588955, 675582.62100000004284084 6581325.73300000000745058, 675587.89800000004470348 6581323.93800000008195639, 675583.88111186551395804 6581311.5633446192368865, 675592.56104165420401841 6581308.39012299571186304, 675594.23400000005494803 6581313.33000000007450581, 675603.19900000002235174 6581310.22699999995529652, 675607.96999999997206032 6581324.86299999989569187, 675597.59799999999813735 6581328.48199999984353781, 675596.28399999998509884 6581324.70399999991059303),(675541.33200000005308539 6581180.48300000000745058, 675539.90000000002328306 6581176.07000000029802322, 675556.41399999998975545 6581170.49000000022351742, 675560.61800000001676381 6581183.90099999960511923, 675549.24600000004284084 6581187.44400000013411045, 675550.481000000028871 6581190.96899999957531691, 675541.47999999998137355 6581193.89199999999254942, 675540.24499999999534339 6581190.08700000029057264, 675544.04899999999906868 6581188.85199999995529652, 675542.56700000003911555 6581184.28699999954551458, 675538.76199999998789281 6581185.52199999988079071, 675537.55700000002980232 6581181.80499999970197678, 675541.33200000005308539 6581180.48300000000745058),(675564.73400000005494803 6581190.87200000043958426, 675568.53000000002793968 6581189.61299999989569187, 675566.787999999942258 6581184.1969999996945262, 675575.41822714149020612 6581181.06765267346054316, 675579.62100000004284084 6581193.14400000032037497, 675566.79500000004190952 6581197.27199999988079071, 675564.73400000005494803 6581190.87200000043958426),(675620.00500000000465661 6581311.80900000035762787, 675620.00399999995715916 6581313.223000000230968, 675621.49600000004284084 6581314.91100000031292439, 675622.875 6581315.06500000040978193, 675625.06499999994412065 6581314.38900000043213367, 675627.73899999994318932 6581322.4280000003054738, 675614.30092742585111409 6581326.89269187022000551, 675610.65099999995436519 6581315.62299999967217445, 675609.35999999998603016 6581311.928999999538064, 675613.75699999998323619 6581310.41700000036507845, 675612.65500000002793968 6581307.03399999998509884, 675613.11100000003352761 6581304.72900000028312206, 675617.768999999971129 6581302.83700000029057264, 675620.42900000000372529 6581310.88200000021606684, 675620.00500000000465661 6581311.80900000035762787))

Polygon ((675955.05923624825663865 6581186.65935353375971317, 675954.15568333386909217 6581131.54262575507164001, 676018.60912456142250448 6581132.74736297503113747, 676018.30794025666546077 6581185.75580061972141266, 675991.80372143408749253 6581185.75580061972141266, 675993.00845865323208272 6581153.83026431035250425, 676011.38070124620571733 6581152.32434278633445501, 676010.77833263657521456 6581136.96394324209541082, 675979.15398063242901117 6581138.46986476611346006, 675978.25042771804146469 6581155.63737013936042786, 675992.76418153871782124 6581154.08855633996427059, 675991.417547169723548 6581185.77056848630309105, 675955.05923624825663865 6581186.65935353375971317))

Polygon ((673335.80400000000372529 6581843.54899999964982271, 673369.62800000002607703 6581783.49799999967217445, 673444.54200000001583248 6581825.22800000011920929, 673431.32999999995809048 6581848.51499999966472387, 673423.81999999994877726 6581861.89599999971687794, 673410.63800000003539026 6581885.22699999995529652, 673335.80400000000372529 6581843.54899999964982271),(673391.14200096565764397 6581859.27400053385645151, 673406.46100000001024455 6581867.74399999994784594, 673427.4719999999506399 6581830.69299999997019768, 673373.30200000002514571 6581800.72800000011920929, 673352.90399999998044223 6581838.13300000037997961, 673391.14199912489857525 6581859.27399951592087746, 673397.77299863495863974 6581847.50800038501620293, 673369.96599863702431321 6581831.99300038442015648, 673377.50499961513560265 6581818.55999864172190428, 673382.60000063525512815 6581821.39399920962750912, 673405.15900135319679976 6581834.03799961134791374, 673397.77300135686527938 6581847.50799960549920797, 673402.14900137565564364 6581849.92499961704015732, 673400.81600075995083898 6581852.23300068359822035, 673391.14200096565764397 6581859.27400053385645151))

Polygon ((675298.20200000004842877 6582080.18800000008195639, 675347.04099999996833503 6582221.62999999988824129, 675417.63000000000465661 6582191.12000000011175871, 675393.97699999995529652 6582127.40500000026077032, 675385.85999999998603016 6582105.78699999954551458, 675367.33200000005308539 6582056.05900000035762787, 675298.20200000004842877 6582080.18800000008195639),(675353.04922236187849194 6582089.91792388446629047, 675355.56299999996554106 6582096.68699999991804361, 675362.48499999998603016 6582094.07799999974668026, 675366.9340000000083819 6582092.53699999954551458, 675371.91099999996367842 6582105.93800000008195639, 675360.59199999994598329 6582110.22599999979138374, 675363.712000000057742 6582118.62899999972432852, 675370.69900000002235174 6582116.00600000005215406, 675375.10900000005494803 6582114.41399999987334013, 675380.02000000001862645 6582127.74899999983608723, 675375.72400000097695738 6582129.34399999957531691, 675368.69399871793575585 6582132.04299941938370466, 675370.24899941042531282 6582136.231001284904778, 675381.59521119389683008 6582132.01158993225544691, 675398.29200000001583248 6582178.64900000020861626, 675400.20799999998416752 6582183.66299999970942736, 675379.84400000004097819 6582192.36000000033527613, 675378.82200000004377216 6582190.03299999982118607, 675376.90500000002793968 6582189.28899999987334013, 675375.02500000002328306 6582190.12600000016391277, 675374.17099999997299165 6582192.01800000015646219, 675375.2099999999627471 6582194.42100000008940697, 675355.59299999999348074 6582202.9150000000372529, 675345.23600000003352761 6582173.11299999989569187, 675349.63500000000931323 6582171.68400000035762787, 675358.97900000005029142 6582171.1119999997317791, 675374.44400000001769513 6582165.67700000014156103, 675372.162999999942258 6582159.54499999992549419, 675367.43345877842511982 6582161.18433166202157736, 675343.96700032555963844 6582093.07000094559043646, 675353.04922236187849194 6582089.91792388446629047),(675352.82778526481706649 6582089.32207721285521984, 675351.40600059577263892 6582085.49199873115867376, 675342.43899873050395399 6582088.63799938652664423, 675343.96699905511923134 6582093.07000032812356949, 675336.6938724210485816 6582095.59364226087927818, 675332.65200000000186265 6582084.25999999977648258, 675360.40899999998509884 6582074.68800000008195639, 675365.40827388723846525 6582088.45575427170842886, 675360.4231457004789263 6582090.34137895610183477, 675359.15400058298837394 6582087.01599872298538685, 675352.82778526481706649 6582089.32207721285521984),(675338.16572466760408133 6582152.99407393485307693, 675349.77006499480921775 6582149.87798254657536745, 675355.15177582099568099 6582165.44135169684886932, 675343.78298287093639374 6582169.38195002730935812, 675338.16572466760408133 6582152.99407393485307693),(675327.13755831494927406 6582121.10419382620602846, 675338.14929256995674223 6582116.27187161054462194, 675348.45995658577885479 6582146.08928013313561678, 675336.86592559178825468 6582149.20201997645199299, 675327.13755831494927406 6582121.10419382620602846),(675318.92000000004190952 6582084.92399999964982271, 675320.11600000003818423 6582088.74399999994784594, 675327.07368786237202585 6582086.29011008702218533, 675329.15977292042225599 6582092.30579179152846336, 675324.95700000005308539 6582093.79999999981373549, 675326.64599999994970858 6582099.071000000461936, 675331.60933740751352161 6582097.35897574853152037, 675336.83773959195241332 6582112.47899164818227291, 675325.82774084294214845 6582117.3091136934235692, 675320.2900000000372529 6582101.26400000043213367, 675318.70100000000093132 6582096.58800000045448542, 675315.59799999999813735 6582095.13200000021606684, 675314.15800000005401671 6582095.68699999991804361, 675311.36300000001210719 6582087.58700000029057264, 675318.92000000004190952 6582084.92399999964982271))

POLYGON ((676294.407 6579134.249, 676296.457 6579133.329, 676296.506 6579133.463, 676301.087 6579131.197, 676301.053 6579131.022, 676301.28 6579130.941, 676301.365 6579131.108, 676301.541 6579131.034, 676301.632 6579131.271, 676301.363 6579131.392, 676303.419 6579135.365, 676303.554 6579135.309, 676303.618 6579135.485, 676303.398 6579135.628, 676303.511 6579135.835, 676303.304 6579135.929, 676303.23 6579135.752, 676298.462 6579138.103, 676298.576 6579138.32, 676298.378 6579138.424, 676298.275 6579138.226, 676296.551 6579139.079, 676294.407 6579134.249))

POLYGON ((675532.543 6581202.324, 675532.686 6581202.279, 675532.516 6581201.75, 675551.903 6581195.031, 675557.624 6581193.211, 675562.023 6581206.299, 675563.7 6581211.615, 675561.157 6581212.462, 675560.99 6581212.53, 675560.642 6581212.621, 675560.463 6581212.643, 675560.103 6581212.642, 675559.748 6581212.578, 675559.573 6581212.522, 675559.24 6581212.364, 675558.94 6581212.15, 675558.806 6581212.024, 675558.177 6581210.149, 675557.996 6581210.117, 675557.648 6581210.003, 675557.324 6581209.829, 675557.176 6581209.721, 675556.911 6581209.467, 675556.797 6581209.323, 675556.609 6581209.007, 675556.537 6581208.838, 675556.44 6581208.484, 675556.409 6581208.119, 675556.417 6581207.936, 675556.484 6581207.576, 675556.541 6581207.402, 675556.701 6581207.072, 675556.918 6581206.777, 675557.045 6581206.645, 675555.22 6581201.559, 675553.465 6581200.991, 675547.392 6581203.025, 675544.687 6581201.213, 675543.544 6581202.85, 675545.791 6581204.885, 675549.059 6581214.671, 675549.447 6581214.664, 675549.83 6581214.723, 675550.016 6581214.777, 675550.371 6581214.933, 675550.693 6581215.147, 675550.974 6581215.413, 675551.206 6581215.724, 675551.3 6581215.893, 675551.444 6581216.253, 675551.524 6581216.629, 675551.538 6581217.011, 675551.487 6581217.39, 675551.438 6581217.574, 675551.373 6581217.754, 675551.199 6581218.094, 675550.969 6581218.4, 675550.691 6581218.662, 675550.373 6581218.873, 675553.035 6581226.699, 675553.41 6581226.681, 675553.782 6581226.729, 675554.139 6581226.842, 675554.471 6581227.017, 675554.767 6581227.248, 675555.017 6581227.528, 675555.213 6581227.848, 675555.35 6581228.197, 675555.421 6581228.559, 675555.429 6581228.922, 675555.375 6581229.28, 675555.26 6581229.624, 675555.087 6581229.943, 675554.863 6581230.228, 675554.593 6581230.47, 675554.285 6581230.662, 675555.881 6581236.123, 675557.108 6581235.751, 675557.542 6581236.941, 675556.332 6581237.354, 675557.255 6581240.113, 675556.752 6581243.317, 675558.503 6581243.743, 675559.65 6581240.905, 675566.405 6581238.658, 675567.262 6581237.038, 675565.092 6581230.873, 675564.873 6581230.907, 675564.653 6581230.901, 675564.543 6581230.884, 675564.332 6581230.819, 675564.134 6581230.716, 675564.042 6581230.65, 675563.956 6581230.577, 675563.807 6581230.407, 675563.744 6581230.312, 675563.1 6581228.604, 675563.059 6581228.444, 675563.046 6581228.28, 675563.06 6581228.115, 675563.103 6581227.955, 675563.17 6581227.805, 675563.263 6581227.668, 675563.385 6581227.541, 675563.53 6581227.437, 675563.689 6581227.361, 675563.861 6581227.316, 675563.228 6581225.577, 675563.224 6581225.14, 675563.301 6581224.71, 675563.457 6581224.302, 675563.675 6581223.944, 675563.802 6581223.788, 675564.093 6581223.51, 675564.256 6581223.391, 675564.609 6581223.197, 675567.388 6581222.258, 675569.212 6581227.682, 675574.166 6581242.276, 675548.252 6581250.946, 675532.543 6581202.324))

Polygon ((674273.18599999998696148 6583145.5849999999627471, 674273.19599999999627471 6583145.32699999958276749, 674273.22900000005029142 6583145.06900000013411045, 674273.28399999998509884 6583144.81599999964237213, 674273.36199999996460974 6583144.56900000013411045, 674273.46100000001024455 6583144.33000000007450581, 674273.57999999995809048 6583144.09900000039488077, 674273.71900000004097819 6583143.87999999988824129, 674273.87600000004749745 6583143.67399999964982271, 674274.05200000002514571 6583143.48199999984353781, 674274.24199999996926636 6583143.30700000002980232, 674274.44799999997485429 6583143.14800000004470348, 674274.66599999996833503 6583143.00899999961256981, 674274.89599999994970858 6583142.88900000043213367, 674275.13399999996181577 6583142.78799999970942736, 674275.38100000005215406 6583142.70899999979883432, 674275.63500000000931323 6583142.65299999993294477, 674275.89300000004004687 6583142.61899999994784594, 674276.15200000000186265 6583142.60699999984353781, 674276.41000000003259629 6583142.61799999978393316, 674276.66799999994691461 6583142.65000000037252903, 674276.92099999997299165 6583142.70700000040233135, 674277.16799999994691461 6583142.78399999998509884, 674277.40700000000651926 6583142.88300000037997961, 674277.63800000003539026 6583143.00100000016391277, 674277.85699999995995313 6583143.13999999966472387, 674278.06299999996554106 6583143.29899999964982271, 674278.25500000000465661 6583143.47400000039488077, 674278.43000000005122274 6583143.66399999987334013, 674278.58900000003632158 6583143.86899999994784594, 674278.72800000000279397 6583144.08800000045448542, 674278.84799999999813735 6583144.3169999998062849, 674278.94900000002235174 6583144.55599999986588955, 674279.0280000000493601 6583144.8030000003054738, 674279.08400000003166497 6583145.0580000001937151, 674279.11800000001676381 6583145.31400000024586916, 674279.13000000000465661 6583145.57299999985843897, 674279.11899999994784594 6583145.83200000040233135, 674279.087000000057742 6583146.08999999985098839, 674279.03000000002793968 6583146.34200000017881393, 674278.9529999999795109 6583146.58899999968707561, 674278.85400000005029142 6583146.82899999991059303, 674278.73600000003352761 6583147.05999999959021807, 674278.5969999999506399 6583147.27900000009685755, 674278.43799999996554106 6583147.48500000033527613, 674278.26300000003539026 6583147.67599999997764826, 674278.07299999997485429 6583147.85199999995529652, 674277.86800000001676381 6583148.01099999994039536, 674277.64899999997578561 6583148.15000000037252903, 674277.42000000004190952 6583148.26999999955296516, 674277.18000000005122274 6583148.37000000011175871, 674276.93299999996088445 6583148.44900000002235174, 674276.67900000000372529 6583148.50600000005215406, 674276.42299999995157123 6583148.53899999987334013, 674276.16399999998975545 6583148.55099999997764826, 674275.90500000002793968 6583148.54100000020116568, 674275.64699999999720603 6583148.50800000037997961, 674275.39500000001862645 6583148.45199999958276749, 674275.14699999999720603 6583148.37399999983608723, 674274.90700000000651926 6583148.27599999960511923, 674274.67599999997764826 6583148.15699999965727329, 674274.45799999998416752 6583148.01800000015646219, 674274.25199999997857958 6583147.86000000033527613, 674274.06099999998696148 6583147.68499999959021807, 674273.88500000000931323 6583147.49500000011175871, 674273.72600000002421439 6583147.28899999987334013, 674273.58600000001024455 6583147.071000000461936, 674273.46699999994598329 6583146.84100000001490116, 674273.36699999996926636 6583146.60300000011920929, 674273.287999999942258 6583146.35599999967962503, 674273.231000000028871 6583146.10099999979138374, 674273.19700000004377216 6583145.84399999957531691, 674273.18599999998696148 6583145.5849999999627471))

Polygon ((675695.85100000002421439 6578915.88700000010430813, 675696.09400000004097819 6578914.71100000012665987, 675698.77899999998044223 6578915.30200000014156103, 675696.21499999996740371 6578924.46200000029057264, 675693.36499999999068677 6578923.59900000039488077, 675695.59799999999813735 6578915.82600000035017729, 675695.85100000002421439 6578915.88700000010430813))

POLYGON ((676226.012 6580214.983, 676225.405 6580214.842, 676224.814 6580214.648, 676224.241 6580214.404, 676223.694 6580214.111, 676223.172 6580213.771, 676222.68 6580213.389, 676222.244 6580212.952, 676221.847 6580212.477, 676221.491 6580211.973, 676221.18 6580211.438, 676220.918 6580210.879, 676220.704 6580210.299, 676220.54 6580209.703, 676220.414 6580209.144, 676220.335 6580208.577, 676220.304 6580208.004, 676220.321 6580207.431, 676220.385 6580206.86, 676220.5 6580206.3, 676220.659 6580205.748, 676220.865 6580205.213, 676221.115 6580204.698, 676221.408 6580204.204, 676221.741 6580203.737, 676222.225 6580203.288, 676222.745 6580202.882, 676223.298 6580202.52, 676223.881 6580202.211, 676224.487 6580201.949, 676225.113 6580201.743, 676225.756 6580201.589, 676226.41 6580201.492, 676227.069 6580201.452, 676227.728 6580201.469, 676228.385 6580201.542, 676229.032 6580201.672, 676229.667 6580201.857, 676230.281 6580202.094, 676230.874 6580202.385, 676231.441 6580202.725, 676231.975 6580203.111, 676232.473 6580203.544, 676232.934 6580204.017, 676233.352 6580204.53, 676233.723 6580205.074, 676234.047 6580205.65, 676234.322 6580206.249, 676234.543 6580206.873, 676234.708 6580207.512, 676235.783 6580207.78, 676235.417 6580209.313, 676234.923 6580210.812, 676234.308 6580212.263, 676233.574 6580213.66, 676232.728 6580214.991, 676231.98 6580214.325, 676230.671 6580214.687, 676229.336 6580214.934, 676227.986 6580215.061, 676226.628 6580215.07, 676226.012 6580214.983))

Polygon ((674610.23300000000745058 6582241.66000000014901161, 674613.32600000000093132 6582251.17100000008940697, 674617.11800000001676381 6582249.89300000015646219, 674618.55200000002514571 6582253.67300000041723251, 674615.83999999996740371 6582254.65899999998509884, 674606.80500000005122274 6582244.6650000000372529, 674610.23300000000745058 6582241.66000000014901161))

Polygon ((675922.30299999995622784 6579360.85400000028312206, 675922.75199999997857958 6579361.72800000011920929, 675930.32099999999627471 6579361.25299999956041574, 675930.66099999996367842 6579360.23099999967962503, 675931.75500000000465661 6579360.5849999999627471, 675931.38699999998789281 6579361.55499999970197678, 675937.33200000005308539 6579366.67200000025331974, 675938.05500000005122274 6579366.196000000461936, 675938.50800000003073364 6579366.98799999989569187, 675938.05599999998230487 6579367.31400000024586916, 675942.75600000005215406 6579367.07799999974668026, 675945.85300000000279397 6579369.25, 675946.04599999997299165 6579372.20700000040233135, 675943.27399999997578561 6579375.07299999985843897, 675938.65000000002328306 6579375.21200000029057264, 675938.47400000004563481 6579375.27500000037252903, 675938.66399999998975545 6579375.35500000044703484, 675939.09499999997206032 6579375.49600000027567148, 675938.8090000000083819 6579376.428999999538064, 675937.92500000004656613 6579376.1969999996945262, 675932.76399999996647239 6579381.94500000029802322, 675933.19799999997485429 6579382.7369999997317791, 675932.28399999998509884 6579383.14400000032037497, 675931.82400000002235174 6579382.2900000000372529, 675923.92799999995622784 6579382.81799999997019768, 675923.67599999997764826 6579383.63300000037997961, 675922.71499999996740371 6579383.30599999986588955, 675922.96699999994598329 6579382.4330000001937151, 675917.42399999999906868 6579377.17100000008940697, 675916.62899999995715916 6579377.67399999964982271, 675916.12699999997857958 6579376.81799999997019768, 675916.75500000000465661 6579376.428999999538064, 675916.40399999998044223 6579376.08800000045448542, 675916.03500000003259629 6579369.10500000044703484, 675916.1840000000083819 6579368.72599999979138374, 675915.61399999994318932 6579368.50600000005215406, 675915.89599999994970858 6579367.65500000026077032, 675916.78700000001117587 6579367.96999999973922968, 675921.94900000002235174 6579362.17999999970197678, 675921.52300000004470348 6579361.25600000005215406, 675922.30299999995622784 6579360.85400000028312206))

POLYGON ((675815.204 6580057.804, 675817.489 6580053.639, 675826.395 6580058.257, 675826.704 6580057.947, 675827.04 6580057.662, 675827.399 6580057.413, 675827.779 6580057.193, 675828.176 6580057.009, 675828.589 6580056.861, 675829.014 6580056.75, 675829.447 6580056.677, 675829.884 6580056.642, 675830.322 6580056.646, 675830.758 6580056.691, 675831.189 6580056.772, 675831.611 6580056.891, 675832.021 6580057.047, 675832.417 6580057.24, 675832.791 6580057.465, 675833.146 6580057.724, 675833.475 6580058.013, 675833.778 6580058.331, 675834.053 6580058.673, 675834.294 6580059.038, 675834.505 6580059.423, 675834.679 6580059.827, 675834.817 6580060.242, 675834.917 6580060.669, 675844.829 6580060.594, 675844.925 6580065.207, 675842.703 6580069.321, 675833.951 6580064.693, 675833.653 6580065.034, 675833.325 6580065.349, 675832.969 6580065.634, 675832.589 6580065.883, 675832.188 6580066.099, 675831.771 6580066.278, 675831.339 6580066.418, 675830.894 6580066.519, 675830.444 6580066.578, 675830.76 6580068.202, 675829.552 6580069.875, 675827.016 6580069.352, 675826.536 6580067.282, 675827.609 6580065.853, 675827.237 6580065.628, 675826.886 6580065.374, 675826.557 6580065.089, 675826.255 6580064.778, 675825.982 6580064.441, 675825.737 6580064.082, 675825.523 6580063.703, 675825.346 6580063.308, 675825.202 6580062.897, 675825.094 6580062.478, 675815.314 6580062.528, 675815.204 6580057.804))

Polygon ((677275.84999999997671694 6579104.71700000017881393, 677275.72699999995529652 6579111.10199999995529652, 677275.57700000004842877 6579111.09499999973922968, 677275.481000000028871 6579116.22499999962747097, 677275.34100000001490116 6579116.21800000034272671, 677275.17099999997299165 6579125.48500000033527613, 677275.05000000004656613 6579125.48199999984353781, 677275.1840000000083819 6579119.78699999954551458, 677269.76000000000931323 6579119.65899999998509884, 677270.04200000001583248 6579104.58000000007450581, 677274.37100000004284084 6579104.68200000002980232, 677274.40700000000651926 6579103.12600000016391277, 677275.72600000002421439 6579103.15699999965727329, 677275.68900000001303852 6579104.71300000045448542, 677275.84999999997671694 6579104.71700000017881393))

POLYGON ((673055.517 6581593.358, 673057.461 6581595.347, 673053.49 6581599.241, 673051.608 6581597.288, 673051.458 6581597.097, 673051.324 6581596.892, 673051.209 6581596.677, 673051.114 6581596.453, 673051.038 6581596.221, 673050.983 6581595.983, 673050.949 6581595.741, 673050.937 6581595.497, 673050.946 6581595.254, 673050.976 6581595.011, 673051.027 6581594.773, 673051.099 6581594.54, 673051.191 6581594.314, 673051.303 6581594.097, 673051.433 6581593.89, 673051.581 6581593.696, 673051.745 6581593.516, 673051.925 6581593.351, 673052.118 6581593.202, 673052.324 6581593.07, 673052.54 6581592.957, 673052.766 6581592.864, 673052.998 6581592.791, 673053.237 6581592.738, 673053.479 6581592.706, 673053.722 6581592.696, 673053.966 6581592.707, 673054.208 6581592.74, 673054.446 6581592.794, 673054.678 6581592.868, 673054.903 6581592.962, 673055.119 6581593.076, 673055.324 6581593.208, 673055.517 6581593.358))

Polygon ((677086.71400000003632158 6579107.37600000016391277, 677085.91399999998975545 6579146.72499999962747097, 677080.26800000004004687 6579146.61000000033527613, 677081.06799999997019768 6579107.26099999994039536, 677086.00300000002607703 6579107.36099999956786633, 677086.57600000000093132 6579079.20600000023841858, 677092.29899999999906868 6579079.32299999985843897, 677091.72699999995529652 6579107.47800000011920929, 677086.71400000003632158 6579107.37600000016391277))